	111	112	124	125	137	138	150	151	163	164	176	177	191	192	203@6	204@6	215	217	228	229	240	241	252	253	264	265
111	0.0	0.0	0.0	0.0	0.0	0.0	0.0	25.52	0.0	0.0	0.0	0.0	0.0	0.0	0.0	0.0	0.0	0.0	0.0	0.0	0.0	0.0	0.0	73.79	0.0	0.69
112	0.0	0.0	0.0	0.72	0.0	0.0	0.0	9.42	0.0	0.0	0.0	0.0	0.0	0.0	0.0	0.0	0.0	0.0	0.0	0.0	0.0	0.0	0.0	27.54	0.0	62.32
124	0.0	0.0	99.35	0.0	0.0	0.0	0.0	0.0	0.0	0.0	0.0	0.65	0.0	0.0	0.0	0.0	0.0	0.0	0.0	0.0	0.0	0.0	0.0	0.0	0.0	0.0
125	0.0	0.0	0.0	100.0	0.0	0.0	0.0	0.0	0.0	0.0	0.0	0.0	0.0	0.0	0.0	0.0	0.0	0.0	0.0	0.0	0.0	0.0	0.0	0.0	0.0	0.0
137	0.0	0.0	0.0	0.0	0.0	0.0	19.33	72.0	0.0	0.0	0.0	0.0	0.0	0.0	0.0	0.0	0.0	0.0	0.0	0.0	0.0	8.0	0.0	0.67	0.0	0.0
138	0.0	0.0	0.0	0.0	0.0	0.0	80.92	15.13	0.0	0.0	0.0	0.0	0.0	0.0	0.0	0.0	0.0	0.0	0.0	0.0	0.0	3.95	0.0	0.0	0.0	0.0
150	0.0	0.0	0.0	0.0	0.0	0.0	100.0	0.0	0.0	0.0	0.0	0.0	0.0	0.0	0.0	0.0	0.0	0.0	0.0	0.0	0.0	0.0	0.0	0.0	0.0	0.0
151	0.0	0.0	0.0	0.0	0.0	0.0	1.96	98.04	0.0	0.0	0.0	0.0	0.0	0.0	0.0	0.0	0.0	0.0	0.0	0.0	0.0	0.0	0.0	0.0	0.0	0.0
163	0.0	0.0	0.0	0.0	0.0	0.0	7.24	0.0	0.0	82.89	8.55	1.32	0.0	0.0	0.0	0.0	0.0	0.0	0.0	0.0	0.0	0.0	0.0	0.0	0.0	0.0
164	0.0	0.0	0.0	0.0	0.0	0.0	0.0	0.0	0.0	76.71	0.0	21.23	0.0	2.05	0.0	0.0	0.0	0.0	0.0	0.0	0.0	0.0	0.0	0.0	0.0	0.0
176	0.0	0.0	0.0	0.0	0.0	0.0	0.0	0.0	0.0	0.0	100.0	0.0	0.0	0.0	0.0	0.0	0.0	0.0	0.0	0.0	0.0	0.0	0.0	0.0	0.0	0.0
177	0.0	0.0	0.0	0.0	0.0	0.0	0.65	0.0	0.0	0.0	3.25	95.45	0.0	0.0	0.0	0.0	0.0	0.0	0.0	0.0	0.0	0.65	0.0	0.0	0.0	0.0
191	0.0	0.0	0.68	0.0	0.0	0.0	0.0	0.0	0.0	5.48	0.0	91.78	0.0	2.05	0.0	0.0	0.0	0.0	0.0	0.0	0.0	0.0	0.0	0.0	0.0	0.0
192	0.0	0.0	0.0	0.0	0.0	0.0	0.0	0.0	0.0	0.0	0.0	0.0	0.0	100.0	0.0	0.0	0.0	0.0	0.0	0.0	0.0	0.0	0.0	0.0	0.0	0.0
203@6	0.0	0.0	0.0	0.0	0.0	0.0	0.0	0.0	0.0	0.0	0.0	0.0	0.0	0.0	100.0	0.0	0.0	0.0	0.0	0.0	0.0	0.0	0.0	0.0	0.0	0.0
204@6	0.0	0.0	0.0	0.0	0.0	0.0	0.0	0.0	0.0	0.0	0.0	0.0	0.0	0.0	0.0	100.0	0.0	0.0	0.0	0.0	0.0	0.0	0.0	0.0	0.0	0.0
215	0.0	0.0	0.0	0.0	0.0	0.0	19.48	0.0	0.0	0.0	0.65	0.0	0.0	0.0	0.0	0.0	79.87	0.0	0.0	0.0	0.0	0.0	0.0	0.0	0.0	0.0
217	0.0	0.0	0.0	0.0	0.0	0.0	95.89	0.0	0.0	0.0	0.68	3.42	0.0	0.0	0.0	0.0	0.0	0.0	0.0	0.0	0.0	0.0	0.0	0.0	0.0	0.0
228	0.0	0.0	0.0	0.0	0.0	0.0	3.27	0.0	0.0	0.0	2.61	80.39	0.0	0.0	0.0	13.73	0.0	0.0	0.0	0.0	0.0	0.0	0.0	0.0	0.0	0.0
229	0.0	0.0	0.0	0.0	0.0	0.0	0.0	0.0	0.0	0.0	0.0	2.01	0.0	97.99	0.0	0.0	0.0	0.0	0.0	0.0	0.0	0.0	0.0	0.0	0.0	0.0
240	0.0	0.0	0.0	0.0	0.0	0.0	14.69	0.0	0.0	19.58	0.0	0.0	0.0	0.0	0.0	0.0	0.0	0.0	0.0	0.0	0.0	65.73	0.0	0.0	0.0	0.0
241	0.0	0.0	0.0	0.0	0.0	0.0	0.0	0.0	0.0	1.89	0.0	0.0	0.0	13.84	0.0	0.0	0.0	0.0	0.0	0.0	0.0	84.28	0.0	0.0	0.0	0.0
252	0.0	0.0	0.0	0.0	0.0	0.0	0.0	38.67	0.0	0.0	0.0	0.0	0.0	0.0	0.0	0.0	0.0	0.0	0.0	0.0	0.0	0.0	0.0	58.67	0.0	2.67
253	0.0	0.0	0.0	0.0	0.0	0.0	0.0	19.61	0.0	0.0	0.0	0.0	0.0	0.0	0.0	0.0	0.0	0.0	0.0	0.0	0.0	0.0	0.0	80.39	0.0	0.0
264	0.0	0.0	0.0	0.0	0.0	0.0	0.0	0.0	0.0	0.0	0.0	23.57	0.0	0.0	0.0	0.0	32.48	0.0	0.0	0.0	0.0	0.0	0.0	0.0	0.0	43.95
265	0.0	0.0	0.0	0.0	0.0	0.0	0.0	0.0	0.0	0.0	0.0	0.0	0.0	0.0	0.0	0.0	0.0	0.0	0.0	0.0	0.0	0.0	0.0	0.0	0.0	100.0